|         Вид f(x)      | Линейная  |  Полином. | Экспонен. | Логарифм. | Степенная |
-------------------------------------------------------------------------------------
|     X     |     Y     |  F=ax+b   |F=ax^2+bx+c| F=ae^(bx) |  F=alnx+b |  F=ax^b   |
-------------------------------------------------------------------------------------
|      1,10 |      7,42 |      2,81 |      6,63 |      4,25 |      4,52 |      4,00 |
-------------------------------------------------------------------------------------
|      2,20 |      5,12 |      4,07 |      5,60 |      4,84 |      5,76 |      5,44 |
-------------------------------------------------------------------------------------
|      3,30 |      4,42 |      5,34 |      5,08 |      5,51 |      6,49 |      6,52 |
-------------------------------------------------------------------------------------
|      4,40 |      4,78 |      6,60 |      5,07 |      6,27 |      7,00 |      7,42 |
-------------------------------------------------------------------------------------
|      5,50 |      5,75 |      7,86 |      5,57 |      7,14 |      7,40 |      8,19 |
-------------------------------------------------------------------------------------
|      6,60 |      6,92 |      9,12 |      6,57 |      8,12 |      7,73 |      8,89 |
-------------------------------------------------------------------------------------
|      7,70 |      8,03 |     10,39 |      8,09 |      9,25 |      8,01 |      9,52 |
-------------------------------------------------------------------------------------
|      8,80 |     10,18 |     11,65 |     10,12 |     10,53 |      8,25 |     10,10 |
-------------------------------------------------------------------------------------
|      9,90 |     13,17 |     12,91 |     12,66 |     11,99 |      8,46 |     10,65 |
-------------------------------------------------------------------------------------
|     11,00 |     15,70 |     14,17 |     15,70 |     13,65 |      8,65 |     11,16 |
-------------------------------------------------------------------------------------
|     12,10 |     18,87 |     15,44 |     19,26 |     15,54 |      8,82 |     11,64 |
-------------------------------------------------------------------------------------
|    S      |    =      |     57,69 |      1,95 |     35,18 |    198,15 |    114,45 |
-------------------------------------------------------------------------------------
|    δ      |    =      |      2,29 |      0,42 |      1,79 |      4,24 |      3,23 |
-------------------------------------------------------------------------------------
|    A      |    =      |      1,15 |      0,21 |      3,73 |      1,79 |      3,83 |
-------------------------------------------------------------------------------------
|    B      |    =      |      1,55 |     -1,63 |      0,12 |      4,35 |      0,45 |
-------------------------------------------------------------------------------------
|    C      |    =      |-----------|      8,17 |-----------|-----------|-----------|
-------------------------------------------------------------------------------------
Линейная функция F=1,1479x+1,5473 является наилучшим приближением заданной табличной функции